x,sN,sC,AIG,AIF,sd_cwd,p2,aet,tmn
sN,0.035,0.052,-0.031,-0.005,0.008,-0.003,0.005,0.012
sC,0.052,0.085,-0.078,-0.046,0.009,-0.021,0.009,0.011
AIG,-0.031,-0.078,0.315,0.143,0.018,0.12,-0.025,0.02
AIF,-0.005,-0.046,0.143,0.853,0.027,0.12,0.041,0.048
sd_cwd,0.008,0.009,0.018,0.027,0.017,0.011,-0.01,0.006
p2,-0.003,-0.021,0.12,0.12,0.011,0.074,-0.011,0.032
aet,0.005,0.009,-0.025,0.041,-0.01,-0.011,0.032,0.006
tmn,0.012,0.011,0.02,0.048,0.006,0.032,0.006,0.037
